1690202117589 0.19700229167938232 0
1690202185527 0.18839097023010254 1
1690202254156 0.18633349239826202 2
1690202323476 0.18513202667236328 3
1690202392667 0.18427135050296783 4
1690202461619 0.18364454805850983 5
1690202530292 0.18322157859802246 6
1690202598601 0.182857945561409 7
1690202666322 0.18258625268936157 8
1690202734420 0.182298943400383 9
1690202802254 0.18203336000442505 10
1690202869821 0.181784525513649 11
1690202937738 0.18155835568904877 12
1690203005752 0.18135318160057068 13
1690203073625 0.18115712702274323 14
