1690202117589 0.8029965758323669 0
1690202185527 0.8116089701652527 1
1690202254156 0.8136663436889648 2
1690202323476 0.8148664236068726 3
1690202392667 0.8157303333282471 4
1690202461619 0.8163557648658752 5
1690202530292 0.8167786002159119 6
1690202598601 0.8171415328979492 7
1690202666322 0.8174145817756653 8
1690202734420 0.8177009224891663 9
1690202802254 0.8179668188095093 10
1690202869821 0.8182163238525391 11
1690202937738 0.8184409141540527 12
1690203005752 0.8186476826667786 13
1690203073625 0.8188428282737732 14
