1690202117589 0.8259891271591187 0
1690202185527 0.8336676359176636 1
1690202254156 0.8355044722557068 2
1690202323476 0.8366268873214722 3
1690202392667 0.8373892903327942 4
1690202461619 0.8379482626914978 5
1690202530292 0.8383303284645081 6
1690202598601 0.8386446833610535 7
1690202666322 0.8388866186141968 8
1690202734420 0.8391370177268982 9
1690202802254 0.839374840259552 10
1690202869821 0.8396005630493164 11
1690202937738 0.8397960066795349 12
1690203005752 0.839965283870697 13
1690203073625 0.8401103615760803 14
