1690176472301 0.242947056889534 0
1690176593868 0.21698413789272308 1
1690176716087 0.20894606411457062 2
1690176838765 0.2041337490081787 3
1690176960288 0.2010878324508667 4
1690177082531 0.19937631487846375 5
1690177204681 0.19807985424995422 6
1690177328238 0.19752098619937897 7
1690177451384 0.1965678483247757 8
1690177573872 0.19603602588176727 9
1690177695589 0.19560915231704712 10
1690177817944 0.19524671137332916 11
1690177940105 0.1950789839029312 12
1690178062437 0.1953687220811844 13
1690178185686 0.1948203444480896 14
