1690176472301 0.7570514678955078 0
1690176593868 0.7830179929733276 1
1690176716087 0.7910556197166443 2
1690176838765 0.7958669066429138 3
1690176960288 0.7989123463630676 4
1690177082531 0.8006254434585571 5
1690177204681 0.80191969871521 6
1690177328238 0.8024798035621643 7
1690177451384 0.8034322261810303 8
1690177573872 0.8039629459381104 9
1690177695589 0.8043925762176514 10
1690177817944 0.8047540783882141 11
1690177940105 0.8049221634864807 12
1690178062437 0.8046325445175171 13
1690178185686 0.8051806688308716 14
