1690176472301 0.7798594236373901 0
1690176593868 0.8041445016860962 1
1690176716087 0.8115481734275818 2
1690176838765 0.8159987330436707 3
1690176960288 0.8188454508781433 4
1690177082531 0.8204697370529175 5
1690177204681 0.8216694593429565 6
1690177328238 0.822210967540741 7
1690177451384 0.8231028914451599 8
1690177573872 0.823603630065918 9
1690177695589 0.8240026235580444 10
1690177817944 0.8243998885154724 11
1690177940105 0.8245494365692139 12
1690178062437 0.8243380784988403 13
1690178185686 0.8248444199562073 14
