1690296841374 0.180485337972641 0
1690296886198 0.13808363676071167 1
1690296930922 0.13237079977989197 2
1690296975577 0.1296108365058899 3
1690297020383 0.12771891057491302 4
1690297065083 0.12628115713596344 5
1690297109896 0.12492683529853821 6
1690297154763 0.12412438541650772 7
1690297199719 0.12346124649047852 8
1690297244577 0.12267434597015381 9
1690297288920 0.12216626852750778 10
1690297333129 0.121641144156456 11
1690297377298 0.12129455804824829 12
1690297421455 0.12085665762424469 13
1690297465447 0.12054324895143509 14
