1690296841374 24.286996841430664 0
1690296886198 25.679235458374023 1
1690296930922 26.01275062561035 2
1690296975577 26.184343338012695 3
1690297020383 26.307083129882812 4
1690297065083 26.387964248657227 5
1690297109896 26.520490646362305 6
1690297154763 26.55584716796875 7
1690297199719 26.59235954284668 8
1690297244577 26.66038703918457 9
1690297288920 26.683555603027344 10
1690297333129 26.737760543823242 11
1690297377298 26.732065200805664 12
1690297421455 26.77722930908203 13
1690297465447 26.800823211669922 14
