1690296841374 0.7862718105316162 0
1690296886198 0.8341101408004761 1
1690296930922 0.8407267332077026 2
1690296975577 0.8438865542411804 3
1690297020383 0.8460697531700134 4
1690297065083 0.8477445244789124 5
1690297109896 0.8492978811264038 6
1690297154763 0.8502424955368042 7
1690297199719 0.8509941697120667 8
1690297244577 0.8519312739372253 9
1690297288920 0.8525182008743286 10
1690297333129 0.8530962467193604 11
1690297377298 0.8535071015357971 12
1690297421455 0.8540164232254028 13
1690297465447 0.8543669581413269 14
