1690296841374 0.818301796913147 0
1690296886198 0.8613391518592834 1
1690296930922 0.8670854568481445 2
1690296975577 0.8698660135269165 3
1690297020383 0.8717733025550842 4
1690297065083 0.873224675655365 5
1690297109896 0.874584972858429 6
1690297154763 0.87539142370224 7
1690297199719 0.8760620951652527 8
1690297244577 0.8768503069877625 9
1690297288920 0.8773635029792786 10
1690297333129 0.8778902888298035 11
1690297377298 0.8782435059547424 12
1690297421455 0.8786847591400146 13
1690297465447 0.8789995908737183 14
