1690315900648 21.27134895324707 0
1690316065284 22.74876594543457 1
1690316229274 23.07831573486328 2
1690316393603 23.300331115722656 3
1690316559223 23.41981315612793 4
1690316730697 23.530811309814453 5
1690316901505 23.57132911682129 6
1690317070784 23.628700256347656 7
1690317239627 23.659116744995117 8
1690317411679 23.708494186401367 9
1690317583379 23.756452560424805 10
1690317748435 23.773239135742188 11
1690317913157 23.82105827331543 12
1690318077995 23.844879150390625 13
1690318242017 23.875904083251953 14
