1690315900648 0.5972704887390137 0
1690316065284 0.6787048578262329 1
1690316229274 0.6962535977363586 2
1690316393603 0.7071375846862793 3
1690316559223 0.7131130695343018 4
1690316730697 0.7184002995491028 5
1690316901505 0.7214590311050415 6
1690317070784 0.7245269417762756 7
1690317239627 0.7271214723587036 8
1690317411679 0.7299146056175232 9
1690317583379 0.7327844500541687 10
1690317748435 0.7345500588417053 11
1690317913157 0.7373591661453247 12
1690318077995 0.7395014762878418 13
1690318242017 0.7413792014122009 14
