1690315900648 0.6351580023765564 0
1690316065284 0.7144807577133179 1
1690316229274 0.7313517928123474 2
1690316393603 0.7417108416557312 3
1690316559223 0.7474372386932373 4
1690316730697 0.7524799704551697 5
1690316901505 0.7554475665092468 6
1690317070784 0.7583760023117065 7
1690317239627 0.760829508304596 8
1690317411679 0.7635005712509155 9
1690317583379 0.7661945819854736 10
1690317748435 0.767920732498169 11
1690317913157 0.7705643177032471 12
1690318077995 0.7726437449455261 13
1690318242017 0.7744181156158447 14
