1690291732475 20.610504150390625 0
1690291785105 24.0963191986084 1
1690291837835 26.135417938232422 2
1690291890473 26.430959701538086 3
1690291943531 26.731809616088867 4
1690291996634 26.944175720214844 5
1690292049508 27.048051834106445 6
1690292103889 27.091407775878906 7
1690292156698 27.20566177368164 8
1690292209748 27.233081817626953 9
1690292263033 27.32291030883789 10
1690292316119 27.271455764770508 11
1690292369155 27.372329711914062 12
1690292422243 27.40196990966797 13
1690292475690 27.432485580444336 14
