1690291732475 0.7090042233467102 0
1690291785105 0.7766895890235901 1
1690291837835 0.8144176602363586 2
1690291890473 0.8237043023109436 3
1690291943531 0.8296328186988831 4
1690291996634 0.8341395258903503 5
1690292049508 0.8363102078437805 6
1690292103889 0.8376731276512146 7
1690292156698 0.8396461606025696 8
1690292209748 0.8407174944877625 9
1690292263033 0.841934084892273 10
1690292316119 0.841840386390686 11
1690292369155 0.8431770205497742 12
1690292422243 0.8438279032707214 13
1690292475690 0.8443828821182251 14
