1690291732475 0.7225109338760376 0
1690291785105 0.8036170601844788 1
1690291837835 0.8408263921737671 2
1690291890473 0.8492594361305237 3
1690291943531 0.8546708822250366 4
1690291996634 0.8587177991867065 5
1690292049508 0.860687792301178 6
1690292103889 0.8619125485420227 7
1690292156698 0.8636993169784546 8
1690292209748 0.8646560907363892 9
1690292263033 0.865742027759552 10
1690292316119 0.8656634092330933 11
1690292369155 0.8668769598007202 12
1690292422243 0.8674564957618713 13
1690292475690 0.8679460287094116 14
