1690287698176 0.18635734915733337 0
1690287733154 0.1723380833864212 1
1690287768411 0.1685396432876587 2
1690287804063 0.1665724813938141 3
1690287840042 0.1652917116880417 4
1690287876064 0.164424329996109 5
1690287912053 0.16359755396842957 6
1690287948046 0.16304340958595276 7
1690287984133 0.16251087188720703 8
1690288020409 0.1622118204832077 9
1690288056558 0.16179795563220978 10
1690288092756 0.16153153777122498 11
1690288128894 0.16140545904636383 12
1690288165077 0.16122174263000488 13
1690288201658 0.16104348003864288 14
