1690287698176 25.55795669555664 0
1690287733154 26.134309768676758 1
1690287768411 26.255897521972656 2
1690287804063 26.332639694213867 3
1690287840042 26.382097244262695 4
1690287876064 26.402185440063477 5
1690287912053 26.446929931640625 6
1690287948046 26.47138214111328 7
1690287984133 26.492021560668945 8
1690288020409 26.50506591796875 9
1690288056558 26.512020111083984 10
1690288092756 26.511632919311523 11
1690288128894 26.514360427856445 12
1690288165077 26.521669387817383 13
1690288201658 26.521238327026367 14
