1690287698176 0.8136420249938965 0
1690287733154 0.8276607990264893 1
1690287768411 0.831458330154419 2
1690287804063 0.833427906036377 3
1690287840042 0.8347089290618896 4
1690287876064 0.835577130317688 5
1690287912053 0.8364030718803406 6
1690287948046 0.8369590640068054 7
1690287984133 0.8374884128570557 8
1690288020409 0.8377882242202759 9
1690288056558 0.8382012248039246 10
1690288092756 0.8384676575660706 11
1690288128894 0.8385928273200989 12
1690288165077 0.8387779593467712 13
1690288201658 0.8389564752578735 14
