1690287698176 0.8416351675987244 0
1690287733154 0.8540822863578796 1
1690287768411 0.857308566570282 2
1690287804063 0.8590657114982605 3
1690287840042 0.8602170348167419 4
1690287876064 0.860995888710022 5
1690287912053 0.8617187738418579 6
1690287948046 0.8622068166732788 7
1690287984133 0.862650990486145 8
1690288020409 0.8629255294799805 9
1690288056558 0.8632688522338867 10
1690288092756 0.8634924292564392 11
1690288128894 0.8636182546615601 12
1690288165077 0.8637745976448059 13
1690288201658 0.8639276027679443 14
