1690288442122 0.478807270526886 0
1690288664042 0.32160884141921997 1
1690288885262 0.31382620334625244 2
1690289106988 0.31268325448036194 3
1690289328612 0.3091260492801666 4
1690289549912 0.30607637763023376 5
1690289771216 0.30289891362190247 6
1690289992404 0.3022838830947876 7
1690290213582 0.30072522163391113 8
1690290434850 0.2985701858997345 9
1690290656157 0.297114759683609 10
1690290877383 0.29540809988975525 11
1690291098542 0.29512107372283936 12
1690291319644 0.29464566707611084 13
1690291540960 0.29482853412628174 14
