1690288442122 22.141801834106445 0
1690288664042 25.15154266357422 1
1690288885262 25.43427085876465 2
1690289106988 25.6612606048584 3
1690289328612 25.96752166748047 4
1690289549912 25.969684600830078 5
1690289771216 26.158851623535156 6
1690289992404 26.238182067871094 7
1690290213582 26.241622924804688 8
1690290434850 26.347692489624023 9
1690290656157 26.317604064941406 10
1690290877383 26.41487693786621 11
1690291098542 26.395675659179688 12
1690291319644 26.424318313598633 13
1690291540960 26.45499038696289 14
