1690288442122 0.7931553721427917 0
1690288664042 0.8293105959892273 1
1690288885262 0.8367365598678589 2
1690289106988 0.8396820425987244 3
1690289328612 0.842968225479126 4
1690289549912 0.8441144824028015 5
1690289771216 0.8469535708427429 6
1690289992404 0.8483942747116089 7
1690290213582 0.84963458776474 8
1690290434850 0.8512696027755737 9
1690290656157 0.8516703844070435 10
1690290877383 0.8525785207748413 11
1690291098542 0.8532875180244446 12
1690291319644 0.853659451007843 13
1690291540960 0.8532420992851257 14
