1690288442122 0.8077396154403687 0
1690288664042 0.8535224795341492 1
1690288885262 0.8606181740760803 2
1690289106988 0.8634413480758667 3
1690289328612 0.8664796948432922 4
1690289549912 0.8675843477249146 5
1690289771216 0.8702502846717834 6
1690289992404 0.8715828657150269 7
1690290213582 0.8727414608001709 8
1690290434850 0.8742706775665283 9
1690290656157 0.8746075630187988 10
1690290877383 0.8754480481147766 11
1690291098542 0.8760826587677002 12
1690291319644 0.8764175176620483 13
1690291540960 0.8760353922843933 14
