1690303744980 0.20354512333869934 0
1690303854948 0.1875040978193283 1
1690303965558 0.18456611037254333 2
1690304076585 0.18324463069438934 3
1690304188002 0.18235081434249878 4
1690304299366 0.18179401755332947 5
1690304410626 0.18123358488082886 6
1690304521369 0.18089807033538818 7
1690304632706 0.1806517243385315 8
1690304743697 0.18034474551677704 9
1690304854863 0.18011721968650818 10
1690304966489 0.17986144125461578 11
1690305077775 0.17974133789539337 12
1690305188922 0.17963184416294098 13
1690305300252 0.17946206033229828 14
