1690303744980 22.163311004638672 0
1690303854948 22.814411163330078 1
1690303965558 22.965757369995117 2
1690304076585 23.0350399017334 3
1690304188002 23.084571838378906 4
1690304299366 23.10926055908203 5
1690304410626 23.143526077270508 6
1690304521369 23.16141128540039 7
1690304632706 23.176177978515625 8
1690304743697 23.196088790893555 9
1690304854863 23.202951431274414 10
1690304966489 23.21731948852539 11
1690305077775 23.223215103149414 12
1690305188922 23.22445297241211 13
1690305300252 23.237417221069336 14
