1690303744980 0.7964558601379395 0
1690303854948 0.8124949932098389 1
1690303965558 0.8154327869415283 2
1690304076585 0.8167563080787659 3
1690304188002 0.8176501393318176 4
1690304299366 0.8182055950164795 5
1690304410626 0.8187676668167114 6
1690304521369 0.8191012740135193 7
1690304632706 0.8193472623825073 8
1690304743697 0.8196556568145752 9
1690304854863 0.8198846578598022 10
1690304966489 0.8201383352279663 11
1690305077775 0.8202593922615051 12
1690305188922 0.8203676342964172 13
1690305300252 0.8205390572547913 14
