1690303744980 0.8220744132995605 0
1690303854948 0.8362160921096802 1
1690303965558 0.8388873934745789 2
1690304076585 0.8400968909263611 3
1690304188002 0.8409116268157959 4
1690304299366 0.8414033055305481 5
1690304410626 0.8419065475463867 6
1690304521369 0.8422166109085083 7
1690304632706 0.8424378037452698 8
1690304743697 0.8427274227142334 9
1690304854863 0.8429194092750549 10
1690304966489 0.8431425094604492 11
1690305077775 0.8432604074478149 12
1690305188922 0.8433624505996704 13
1690305300252 0.8435132503509521 14
