1691518062717 0.3966951072216034 0
1691518829413 0.3178868591785431 1
1691519594709 0.301166832447052 2
1691520362144 0.2969949245452881 3
1691521131004 0.29325512051582336 4
1691521899465 0.29216405749320984 5
1691522667774 0.29085659980773926 6
1691523436638 0.28972557187080383 7
1691524204843 0.2890810966491699 8
1691524974477 0.2886492609977722 9
1691525743469 0.2882784605026245 10
1691526515574 0.2880041301250458 11
1691527285260 0.2877581715583801 12
1691528053534 0.2875160276889801 13
1691528823596 0.28723084926605225 14
