1691518062717 21.418724060058594 0
1691518829413 22.33892250061035 1
1691519594709 22.78729248046875 2
1691520362144 22.975025177001953 3
1691521131004 23.055707931518555 4
1691521899465 23.10267448425293 5
1691522667774 23.147520065307617 6
1691523436638 23.173261642456055 7
1691524204843 23.204824447631836 8
1691524974477 23.22263526916504 9
1691525743469 23.230485916137695 10
1691526515574 23.2469482421875 11
1691527285260 23.25033187866211 12
1691528053534 23.269615173339844 13
1691528823596 23.280513763427734 14
