1691518062717 0.7559999227523804 0
1691518829413 0.7948362231254578 1
1691519594709 0.8082634806632996 2
1691520362144 0.8140830993652344 3
1691521131004 0.8171451091766357 4
1691521899465 0.8189709782600403 5
1691522667774 0.8202516436576843 6
1691523436638 0.8211750388145447 7
1691524204843 0.8219013214111328 8
1691524974477 0.8223984241485596 9
1691525743469 0.8228439092636108 10
1691526515574 0.8231571316719055 11
1691527285260 0.8234653472900391 12
1691528053534 0.8237457871437073 13
1691528823596 0.8240903615951538 14
