1691518062717 0.7886711359024048 0
1691518829413 0.823594868183136 1
1691519594709 0.8348955512046814 2
1691520362144 0.8397188782691956 3
1691521131004 0.8422697186470032 4
1691521899465 0.8437591195106506 5
1691522667774 0.8448357582092285 6
1691523436638 0.845615029335022 7
1691524204843 0.8462324142456055 8
1691524974477 0.8466613292694092 9
1691525743469 0.8470375537872314 10
1691526515574 0.8473166823387146 11
1691527285260 0.8475801348686218 12
1691528053534 0.8478227853775024 13
1691528823596 0.8481163382530212 14
