1690333232229 0.17547355592250824 0
1690333342990 0.16175177693367004 1
1690333454143 0.15915590524673462 2
1690333565137 0.15797120332717896 3
1690333676654 0.1572018712759018 4
1690333787569 0.1565874218940735 5
1690333898512 0.15608495473861694 6
1690334009322 0.15565750002861023 7
1690334120057 0.15537531673908234 8
1690334230948 0.1550762951374054 9
1690334341746 0.15487542748451233 10
1690334452994 0.15469352900981903 11
1690334563799 0.15451566874980927 12
1690334674645 0.15440863370895386 13
1690334785167 0.1543138474225998 14
