1690333232229 22.283945083618164 0
1690333342990 22.95783233642578 1
1690333454143 23.088632583618164 2
1690333565137 23.149179458618164 3
1690333676654 23.195606231689453 4
1690333787569 23.228668212890625 5
1690333898512 23.261165618896484 6
1690334009322 23.286752700805664 7
1690334120057 23.30343246459961 8
1690334230948 23.322959899902344 9
1690334341746 23.33592414855957 10
1690334452994 23.34222412109375 11
1690334563799 23.353099822998047 12
1690334674645 23.358386993408203 13
1690334785167 23.362869262695312 14
