1690333232229 0.7950668334960938 0
1690333342990 0.8111244440078735 1
1690333454143 0.814242422580719 2
1690333565137 0.8156464695930481 3
1690333676654 0.8165633678436279 4
1690333787569 0.8173010945320129 5
1690333898512 0.8178888559341431 6
1690334009322 0.8184002041816711 7
1690334120057 0.8187330365180969 8
1690334230948 0.8190898299217224 9
1690334341746 0.8193171620368958 10
1690334452994 0.8195489048957825 11
1690334563799 0.8197630643844604 12
1690334674645 0.8198895454406738 13
1690334785167 0.8200064301490784 14
