1690333232229 0.8242270350456238 0
1690333342990 0.8375664353370667 1
1690333454143 0.840045690536499 2
1690333565137 0.8411786556243896 3
1690333676654 0.841916024684906 4
1690333787569 0.8425047993659973 5
1690333898512 0.8429889678955078 6
1690334009322 0.8434025049209595 7
1690334120057 0.843673586845398 8
1690334230948 0.8439620733261108 9
1690334341746 0.8441596031188965 10
1690334452994 0.8443349599838257 11
1690334563799 0.8445067405700684 12
1690334674645 0.8446095585823059 13
1690334785167 0.8447039723396301 14
