1690163682917 0.3474143445491791 0
1690163770721 0.27178695797920227 1
1690163858908 0.24816735088825226 2
1690163948048 0.2360754758119583 3
1690164037660 0.22707147896289825 4
1690164126672 0.2216736078262329 5
1690164216049 0.21829408407211304 6
1690164305289 0.21597787737846375 7
1690164394926 0.2142518013715744 8
1690164485140 0.21257585287094116 9
1690164575272 0.21125423908233643 10
1690164665419 0.21014782786369324 11
1690164755187 0.209381565451622 12
1690164844475 0.20868892967700958 13
1690164934788 0.20784273743629456 14
