1690163682917 19.34439468383789 0
1690163770721 20.384504318237305 1
1690163858908 20.71611785888672 2
1690163948048 20.914278030395508 3
1690164037660 20.96613121032715 4
1690164126672 21.03228759765625 5
1690164216049 21.085132598876953 6
1690164305289 21.12809181213379 7
1690164394926 21.158205032348633 8
1690164485140 21.196653366088867 9
1690164575272 21.226417541503906 10
1690164665419 21.25054931640625 11
1690164755187 21.266820907592773 12
1690164844475 21.274959564208984 13
1690164934788 21.298070907592773 14
