1690163682917 0.6525858044624329 0
1690163770721 0.7282133102416992 1
1690163858908 0.751831591129303 2
1690163948048 0.7639254927635193 3
1690164037660 0.7729286551475525 4
1690164126672 0.7783258557319641 5
1690164216049 0.7817060351371765 6
1690164305289 0.7840224504470825 7
1690164394926 0.7857480645179749 8
1690164485140 0.7874239087104797 9
1690164575272 0.7887452840805054 10
1690164665419 0.7898532748222351 11
1690164755187 0.7906175851821899 12
1690164844475 0.7913104891777039 13
1690164934788 0.7921585440635681 14
