1690163682917 0.6767671704292297 0
1690163770721 0.7481393218040466 1
1690163858908 0.7700836062431335 2
1690163948048 0.781378448009491 3
1690164037660 0.7897824048995972 4
1690164126672 0.7948861718177795 5
1690164216049 0.7981130480766296 6
1690164305289 0.8003728985786438 7
1690164394926 0.8020813465118408 8
1690164485140 0.803760290145874 9
1690164575272 0.8051021099090576 10
1690164665419 0.806203305721283 11
1690164755187 0.8069567680358887 12
1690164844475 0.807648777961731 13
1690164934788 0.8084911108016968 14
