1690292655802 26.090545654296875 0
1690292702192 26.75127410888672 1
1690292748486 26.8778018951416 2
1690292795409 26.936660766601562 3
1690292843576 26.986234664916992 4
1690292890588 27.023717880249023 5
1690292937671 27.047475814819336 6
1690292984935 27.073030471801758 7
1690293032054 27.09089469909668 8
1690293079188 27.108524322509766 9
1690293125798 27.119874954223633 10
1690293173922 27.135242462158203 11
1690293221327 27.14512825012207 12
1690293268530 27.153820037841797 13
1690293315638 27.16168975830078 14
