1690292655802 0.8065751791000366 0
1690292702192 0.8207311034202576 1
1690292748486 0.8244798183441162 2
1690292795409 0.8262143135070801 3
1690292843576 0.8275241255760193 4
1690292890588 0.8285991549491882 5
1690292937671 0.8292511701583862 6
1690292984935 0.8299570083618164 7
1690293032054 0.830455482006073 8
1690293079188 0.8308245539665222 9
1690293125798 0.8311163783073425 10
1690293173922 0.8314743638038635 11
1690293221327 0.8317949771881104 12
1690293268530 0.8320307731628418 13
1690293315638 0.8322798609733582 14
