1690292655802 0.8380175828933716 0
1690292702192 0.8486323952674866 1
1690292748486 0.8514461517333984 2
1690292795409 0.8529239892959595 3
1690292843576 0.8540627360343933 4
1690292890588 0.8549799919128418 5
1690292937671 0.8555691242218018 6
1690292984935 0.8561714887619019 7
1690293032054 0.85660320520401 8
1690293079188 0.8569306135177612 9
1690293125798 0.8571822047233582 10
1690293173922 0.8574734330177307 11
1690293221327 0.8577311038970947 12
1690293268530 0.8579311966896057 13
1690293315638 0.8581411838531494 14
