1690321275089 -20.566482543945312 0
1690321964464 -22.683116912841797 1
1690322652889 -22.954769134521484 2
1690323341911 -23.048269271850586 3
1690324029913 -23.19685935974121 4
1690324718139 -23.26173973083496 5
1690325406336 -23.334365844726562 6
1690326094387 -23.367544174194336 7
1690326782499 -23.41458511352539 8
1690327470720 -23.43060302734375 9
1690328158449 -23.457195281982422 10
1690328846259 -23.52008819580078 11
1690329534029 -23.651683807373047 12
1690330221976 -23.614904403686523 13
1690330910069 -23.62287712097168 14
