1690321275089 21.094457626342773 0
1690321964464 22.969350814819336 1
1690322652889 23.208261489868164 2
1690323341911 23.306453704833984 3
1690324029913 23.429338455200195 4
1690324718139 23.5072078704834 5
1690325406336 23.54890251159668 6
1690326094387 23.594127655029297 7
1690326782499 23.64093017578125 8
1690327470720 23.65066909790039 9
1690328158449 23.675294876098633 10
1690328846259 23.73710060119629 11
1690329534029 23.858007431030273 12
1690330221976 23.810791015625 13
1690330910069 23.80080223083496 14
