1690321275089 0.6430321335792542 0
1690321964464 0.7439265251159668 1
1690322652889 0.7584567666053772 2
1690323341911 0.7666611075401306 3
1690324029913 0.7720887660980225 4
1690324718139 0.7761074304580688 5
1690325406336 0.7783787846565247 6
1690326094387 0.780320942401886 7
1690326782499 0.7819921374320984 8
1690327470720 0.7825651168823242 9
1690328158449 0.783043384552002 10
1690328846259 0.7852451205253601 11
1690329534029 0.7867079973220825 12
1690330221976 0.7867958545684814 13
1690330910069 0.7875795364379883 14
