1690321275089 0.6824366450309753 0
1690321964464 0.7793125510215759 1
1690322652889 0.7924327850341797 2
1690323341911 0.7993643283843994 3
1690324029913 0.8036603927612305 4
1690324718139 0.8070033192634583 5
1690325406336 0.8089809417724609 6
1690326094387 0.8106321096420288 7
1690326782499 0.8121060132980347 8
1690327470720 0.8125243186950684 9
1690328158449 0.8128891587257385 10
1690328846259 0.8147557973861694 11
1690329534029 0.8159805536270142 12
1690330221976 0.8160122632980347 13
1690330910069 0.816673219203949 14
