1690257983160 0.3427492082118988 0
1690258072851 0.2693611979484558 1
1690258162426 0.2466011941432953 2
1690258252007 0.2366843819618225 3
1690258342091 0.22869792580604553 4
1690258431605 0.22300013899803162 5
1690258521140 0.2195761650800705 6
1690258610869 0.21705876290798187 7
1690258700530 0.21522054076194763 8
1690258790484 0.21379567682743073 9
1690258880227 0.21261298656463623 10
1690258969890 0.21169424057006836 11
1690259059881 0.21075081825256348 12
1690259149256 0.21037933230400085 13
1690259238707 0.20953631401062012 14
