1690257983160 19.375436782836914 0
1690258072851 20.392709732055664 1
1690258162426 20.711946487426758 2
1690258252007 20.85695457458496 3
1690258342091 20.931081771850586 4
1690258431605 20.98373031616211 5
1690258521140 21.041860580444336 6
1690258610869 21.09017562866211 7
1690258700530 21.127330780029297 8
1690258790484 21.164302825927734 9
1690258880227 21.190040588378906 10
1690258969890 21.21068000793457 11
1690259059881 21.243892669677734 12
1690259149256 21.25064468383789 13
1690259238707 21.271554946899414 14
