1690257983160 0.6572504639625549 0
1690258072851 0.7306392192840576 1
1690258162426 0.7533978223800659 2
1690258252007 0.7633156776428223 3
1690258342091 0.7713031768798828 4
1690258431605 0.7770005464553833 5
1690258521140 0.7804244756698608 6
1690258610869 0.7829415798187256 7
1690258700530 0.784778892993927 8
1690258790484 0.7862041592597961 9
1690258880227 0.7873864769935608 10
1690258969890 0.788305938243866 11
1690259059881 0.7892475724220276 12
1690259149256 0.7896184921264648 13
1690259238707 0.7904625535011292 14
