1690257983160 0.6810067892074585 0
1690258072851 0.7503394484519958 1
1690258162426 0.7713989019393921 2
1690258252007 0.7808048725128174 3
1690258342091 0.7883182168006897 4
1690258431605 0.7936353087425232 5
1690258521140 0.7969105243682861 6
1690258610869 0.7994185090065002 7
1690258700530 0.801198422908783 8
1690258790484 0.8025901317596436 9
1690258880227 0.8037467002868652 10
1690258969890 0.8046618103981018 11
1690259059881 0.805607259273529 12
1690259149256 0.8060367107391357 13
1690259238707 0.8068709373474121 14
