1690203120708 0.17344827950000763 0
1690203153740 0.1672482043504715 1
1690203187117 0.1654072254896164 2
1690203220824 0.16427230834960938 3
1690203254024 0.1634635478258133 4
1690203287174 0.162822425365448 5
1690203320510 0.16242779791355133 6
1690203353935 0.16205015778541565 7
1690203387186 0.16171815991401672 8
1690203420480 0.16152019798755646 9
1690203453882 0.16129931807518005 10
1690203487291 0.16109298169612885 11
1690203520639 0.16085495054721832 12
1690203554207 0.1607595533132553 13
1690203588135 0.1605888307094574 14
