1690203120708 0.8265526294708252 0
1690203153740 0.8327516913414001 1
1690203187117 0.8345918655395508 2
1690203220824 0.8357268571853638 3
1690203254024 0.8365364670753479 4
1690203287174 0.837177038192749 5
1690203320510 0.8375729918479919 6
1690203353935 0.8379502892494202 7
1690203387186 0.8382816314697266 8
1690203420480 0.8384795188903809 9
1690203453882 0.8387000560760498 10
1690203487291 0.8389058709144592 11
1690203520639 0.8391447067260742 12
1690203554207 0.8392415046691895 13
1690203588135 0.8394113183021545 14
