1690203120708 0.8531550765037537 0
1690203153740 0.8584021925926208 1
1690203187117 0.8600035309791565 2
1690203220824 0.8610025644302368 3
1690203254024 0.8617107272148132 4
1690203287174 0.862267792224884 5
1690203320510 0.8626230955123901 6
1690203353935 0.8629690408706665 7
1690203387186 0.8632546663284302 8
1690203420480 0.863435685634613 9
1690203453882 0.8636289834976196 10
1690203487291 0.8638046979904175 11
1690203520639 0.8640186786651611 12
1690203554207 0.8640881776809692 13
1690203588135 0.8642460107803345 14
