1690280611888 0.4107430875301361 0
1690281059983 0.32702934741973877 1
1690281504927 0.3177967965602875 2
1690281949549 0.30951061844825745 3
1690282394134 0.30298566818237305 4
1690282838654 0.3020901083946228 5
1690283284509 0.29829272627830505 6
1690283729716 0.2980438470840454 7
1690284174415 0.29691028594970703 8
1690284619238 0.29550373554229736 9
1690285064257 0.2964191734790802 10
1690285510797 0.2945641875267029 11
1690285956797 0.2941473126411438 12
1690286403112 0.2937403917312622 13
1690286850246 0.2934214770793915 14
