1690280611888 20.666288375854492 0
1690281059983 20.92824363708496 1
1690281504927 21.071203231811523 2
1690281949549 21.438404083251953 3
1690282394134 21.67767333984375 4
1690282838654 21.766387939453125 5
1690283284509 21.877197265625 6
1690283729716 21.93216323852539 7
1690284174415 21.9759578704834 8
1690284619238 21.996171951293945 9
1690285064257 22.021766662597656 10
1690285510797 22.03899574279785 11
1690285956797 22.06028175354004 12
1690286403112 22.07154083251953 13
1690286850246 22.090150833129883 14
