1690280611888 0.7611718773841858 0
1690281059983 0.7858821749687195 1
1690281504927 0.7943261861801147 2
1690281949549 0.8021660447120667 3
1690282394134 0.8085447549819946 4
1690282838654 0.8103274703025818 5
1690283284509 0.8136517405509949 6
1690283729716 0.8152913451194763 7
1690284174415 0.8162490725517273 8
1690284619238 0.8169115781784058 9
1690285064257 0.817427396774292 10
1690285510797 0.8180103302001953 11
1690285956797 0.8185760378837585 12
1690286403112 0.8190534114837646 13
1690286850246 0.8194265365600586 14
