1690280611888 0.789874792098999 0
1690281059983 0.8141260743141174 1
1690281504927 0.8209434151649475 2
1690281949549 0.8273873925209045 3
1690282394134 0.8326363563537598 4
1690282838654 0.8340808749198914 5
1690283284509 0.8368397951126099 6
1690283729716 0.8382152318954468 7
1690284174415 0.8390318751335144 8
1690284619238 0.8396103382110596 9
1690285064257 0.8400559425354004 10
1690285510797 0.8405387997627258 11
1690285956797 0.841017484664917 12
1690286403112 0.8414342999458313 13
1690286850246 0.8417627215385437 14
