1690277639434 0.30434876680374146 0
1690277731356 0.23192015290260315 1
1690277822939 0.21097205579280853 2
1690277914776 0.20146863162517548 3
1690278005424 0.19376492500305176 4
1690278096256 0.189315527677536 5
1690278187234 0.18650758266448975 6
1690278278050 0.18454116582870483 7
1690278368879 0.18304342031478882 8
1690278459314 0.18170583248138428 9
1690278550735 0.18049652874469757 10
1690278641464 0.17957818508148193 11
1690278732178 0.1788359433412552 12
1690278823380 0.17820259928703308 13
1690278914254 0.17759783565998077 14
