1690277639434 19.725229263305664 0
1690277731356 20.9408016204834 1
1690277822939 21.31888198852539 2
1690277914776 21.47149085998535 3
1690278005424 21.54276466369629 4
1690278096256 21.617172241210938 5
1690278187234 21.666030883789062 6
1690278278050 21.69962501525879 7
1690278368879 21.728187561035156 8
1690278459314 21.7565975189209 9
1690278550735 21.780406951904297 10
1690278641464 21.795024871826172 11
1690278732178 21.803512573242188 12
1690278823380 21.81620216369629 13
1690278914254 21.828462600708008 14
