1690277639434 0.6562914848327637 0
1690277731356 0.73543381690979 1
1690277822939 0.7587124705314636 2
1690277914776 0.7692270278930664 3
1690278005424 0.7778856158256531 4
1690278096256 0.7829117774963379 5
1690278187234 0.7860155701637268 6
1690278278050 0.788192868232727 7
1690278368879 0.7898346185684204 8
1690278459314 0.7912921905517578 9
1690278550735 0.7926018238067627 10
1690278641464 0.793562114238739 11
1690278732178 0.7943289875984192 12
1690278823380 0.7949815392494202 13
1690278914254 0.7956137657165527 14
