1690277639434 0.6917808651924133 0
1690277731356 0.7658768892288208 1
1690277822939 0.7872315049171448 2
1690277914776 0.7969011664390564 3
1690278005424 0.8047440052032471 4
1690278096256 0.8092179894447327 5
1690278187234 0.812038779258728 6
1690278278050 0.814008891582489 7
1690278368879 0.8155149221420288 8
1690278459314 0.8168602585792542 9
1690278550735 0.8180725574493408 10
1690278641464 0.8189951777458191 11
1690278732178 0.8197360038757324 12
1690278823380 0.820368766784668 13
1690278914254 0.8209732174873352 14
