1690186457319 0.30812662839889526 0
1690186718832 0.2971295416355133 1
1690186975617 0.2920352518558502 2
1690187238509 0.287936270236969 3
1690187502377 0.286976158618927 4
1690187760392 0.286213755607605 5
1690188023852 0.2857282757759094 6
1690188287499 0.28520655632019043 7
1690188545936 0.28495240211486816 8
1690188806665 0.28459081053733826 9
1690189073558 0.2843051254749298 10
1690189334402 0.28400182723999023 11
1690189592609 0.2838796377182007 12
1690189857932 0.2836133539676666 13
1690190120467 0.2834044396877289 14
