1690186457319 0.8289186954498291 0
1690186718832 0.8398069739341736 1
1690186975617 0.8449257612228394 2
1690187238509 0.849025547504425 3
1690187502377 0.8499834537506104 4
1690187760392 0.8507457971572876 5
1690188023852 0.8512471914291382 6
1690188287499 0.8517682552337646 7
1690188545936 0.8520364761352539 8
1690188806665 0.8524050116539001 9
1690189073558 0.8526967763900757 10
1690189334402 0.8530021905899048 11
1690189592609 0.8531357049942017 12
1690189857932 0.853392481803894 13
1690190120467 0.8536028265953064 14
