1690186457319 0.8339604139328003 0
1690186718832 0.843280017375946 1
1690186975617 0.8580406904220581 2
1690187238509 0.8719247579574585 3
1690187502377 0.8728981018066406 4
1690187760392 0.8736305236816406 5
1690188023852 0.8741464614868164 6
1690188287499 0.8746695518493652 7
1690188545936 0.8749315738677979 8
1690188806665 0.8752941489219666 9
1690189073558 0.8755748271942139 10
1690189334402 0.8758915662765503 11
1690189592609 0.8760275840759277 12
1690189857932 0.8763023614883423 13
1690190120467 0.8764994740486145 14
