1690293567006 -19.096603393554688 0
1690293796468 -24.00401496887207 1
1690294025822 -24.95088768005371 2
1690294255487 -25.302335739135742 3
1690294484912 -25.424360275268555 4
1690294714394 -25.703189849853516 5
1690294943679 -25.250242233276367 6
1690295173091 -25.41530990600586 7
1690295402597 -25.53147315979004 8
1690295631940 -25.770910263061523 9
1690295861240 -25.503097534179688 10
1690296090568 -25.8410701751709 11
1690296320082 -25.555490493774414 12
1690296549522 -25.67791175842285 13
1690296779038 -25.875125885009766 14
