1690293567006 19.750980377197266 0
1690293796468 24.39584732055664 1
1690294025822 25.338024139404297 2
1690294255487 25.696653366088867 3
1690294484912 25.746065139770508 4
1690294714394 26.001543045043945 5
1690294943679 25.573314666748047 6
1690295173091 25.70238494873047 7
1690295402597 25.82546043395996 8
1690295631940 26.067716598510742 9
1690295861240 25.767730712890625 10
1690296090568 26.088497161865234 11
1690296320082 25.83049774169922 12
1690296549522 25.966293334960938 13
1690296779038 26.1932373046875 14
