1690293567006 0.6607107520103455 0
1690293796468 0.7913009524345398 1
1690294025822 0.8060065507888794 2
1690294255487 0.812891960144043 3
1690294484912 0.8164617419242859 4
1690294714394 0.8184383511543274 5
1690294943679 0.8158040642738342 6
1690295173091 0.8181861639022827 7
1690295402597 0.818920373916626 8
1690295631940 0.8221800923347473 9
1690295861240 0.8198770880699158 10
1690296090568 0.8226311206817627 11
1690296320082 0.8208961486816406 12
1690296549522 0.8216012716293335 13
1690296779038 0.8236462473869324 14
