1690293567006 0.6914195418357849 0
1690293796468 0.8256735801696777 1
1690294025822 0.8377237319946289 2
1690294255487 0.8432506322860718 3
1690294484912 0.8459332585334778 4
1690294714394 0.8475875854492188 5
1690294943679 0.8451833724975586 6
1690295173091 0.8471187353134155 7
1690295402597 0.8477414846420288 8
1690295631940 0.8505774140357971 9
1690295861240 0.8485262393951416 10
1690296090568 0.850973904132843 11
1690296320082 0.8494502305984497 12
1690296549522 0.8502058386802673 13
1690296779038 0.851935088634491 14
