1690175650419 0.16029007732868195 0
1690175691421 0.15422917902469635 1
1690175732385 0.15221303701400757 2
1690175773441 0.15081310272216797 3
1690175814156 0.14965875446796417 4
1690175855576 0.14863872528076172 5
1690175896656 0.14796224236488342 6
1690175937460 0.1473701000213623 7
1690175978258 0.14686596393585205 8
1690176018837 0.14649900794029236 9
1690176059644 0.14593441784381866 10
1690176100179 0.14567062258720398 11
1690176140856 0.14521850645542145 12
1690176181483 0.14496839046478271 13
1690176221981 0.1446024775505066 14
