1690175650419 0.8397107124328613 0
1690175691421 0.845771849155426 1
1690175732385 0.847786545753479 2
1690175773441 0.8491859436035156 3
1690175814156 0.8503416180610657 4
1690175855576 0.8513611555099487 5
1690175896656 0.8520388007164001 6
1690175937460 0.8526298403739929 7
1690175978258 0.8531342148780823 8
1690176018837 0.8535013198852539 9
1690176059644 0.8540665507316589 10
1690176100179 0.854329526424408 11
1690176140856 0.8547810316085815 12
1690176181483 0.855031430721283 13
1690176221981 0.8553963899612427 14
