1690175650419 0.863684356212616 0
1690175691421 0.8692092299461365 1
1690175732385 0.8710219264030457 2
1690175773441 0.8722719550132751 3
1690175814156 0.8732955455780029 4
1690175855576 0.8742210865020752 5
1690175896656 0.8748330473899841 6
1690175937460 0.8753464818000793 7
1690175978258 0.8758206367492676 8
1690176018837 0.8761457800865173 9
1690176059644 0.8766534328460693 10
1690176100179 0.8768911957740784 11
1690176140856 0.8772913813591003 12
1690176181483 0.8774979710578918 13
1690176221981 0.8778268694877625 14
