1690318524484 23.819429397583008 0
1690318665066 24.40850067138672 1
1690318804549 24.51369285583496 2
1690318945177 24.575042724609375 3
1690319085477 24.617509841918945 4
1690319231309 24.642860412597656 5
1690319378672 24.66507911682129 6
1690319525242 24.681446075439453 7
1690319672034 24.693822860717773 8
1690319820577 24.704862594604492 9
1690319968128 24.71282196044922 10
1690320116121 24.720224380493164 11
1690320263857 24.724395751953125 12
1690320411459 24.73052406311035 13
1690320553318 24.736591339111328 14
