1690318524484 0.777468204498291 0
1690318665066 0.7942243814468384 1
1690318804549 0.798017680644989 2
1690318945177 0.8002506494522095 3
1690319085477 0.8018450140953064 4
1690319231309 0.802804708480835 5
1690319378672 0.803516149520874 6
1690319525242 0.8041284084320068 7
1690319672034 0.8045191168785095 8
1690319820577 0.804935872554779 9
1690319968128 0.805197536945343 10
1690320116121 0.805426836013794 11
1690320263857 0.8055626749992371 12
1690320411459 0.8057255148887634 13
1690320553318 0.805944561958313 14
