1690318524484 0.8074561357498169 0
1690318665066 0.8217973113059998 1
1690318804549 0.8249072432518005 2
1690318945177 0.8267319798469543 3
1690319085477 0.8280385732650757 4
1690319231309 0.8288300633430481 5
1690319378672 0.8294171094894409 6
1690319525242 0.8299223184585571 7
1690319672034 0.8302499055862427 8
1690319820577 0.8305985927581787 9
1690319968128 0.8308099508285522 10
1690320116121 0.831000804901123 11
1690320263857 0.8311333656311035 12
1690320411459 0.8312694430351257 13
1690320553318 0.8314405083656311 14
