1690261040184 0.44676825404167175 0
1690261486808 0.36388900876045227 1
1690261932930 0.3550400733947754 2
1690262380607 0.3443145453929901 3
1690262826337 0.3422875702381134 4
1690263273758 0.3378811180591583 5
1690263717630 0.33392444252967834 6
1690264162998 0.33266615867614746 7
1690264609214 0.33122003078460693 8
1690265056165 0.3314583897590637 9
1690265503392 0.3297547996044159 10
1690265950170 0.3296512961387634 11
1690266398282 0.3291553854942322 12
1690266844700 0.32860496640205383 13
1690267292849 0.3282843232154846 14
