1690261040184 18.797164916992188 0
1690261486808 19.147865295410156 1
1690261932930 19.280414581298828 2
1690262380607 19.45587921142578 3
1690262826337 19.539201736450195 4
1690263273758 19.659088134765625 5
1690263717630 19.71918487548828 6
1690264162998 19.76331329345703 7
1690264609214 19.77189826965332 8
1690265056165 19.785429000854492 9
1690265503392 19.806041717529297 10
1690265950170 19.80845069885254 11
1690266398282 19.804609298706055 12
1690266844700 19.8228816986084 13
1690267292849 19.832345962524414 14
