1690261040184 0.7579953670501709 0
1690261486808 0.7812014818191528 1
1690261932930 0.7913066148757935 2
1690262380607 0.7978493571281433 3
1690262826337 0.7985324859619141 4
1690263273758 0.8036676049232483 5
1690263717630 0.8058304786682129 6
1690264162998 0.8073747158050537 7
1690264609214 0.8082568049430847 8
1690265056165 0.8082637786865234 9
1690265503392 0.8094596266746521 10
1690265950170 0.8095763921737671 11
1690266398282 0.8100757002830505 12
1690266844700 0.8106262683868408 13
1690267292849 0.8109464645385742 14
