1690261040184 0.7603879570960999 0
1690261486808 0.7854572534561157 1
1690261932930 0.7959669828414917 2
1690262380607 0.8027535676956177 3
1690262826337 0.80336993932724 4
1690263273758 0.8081868886947632 5
1690263717630 0.8102612495422363 6
1690264162998 0.8117243647575378 7
1690264609214 0.8125417232513428 8
1690265056165 0.8126504421234131 9
1690265503392 0.8137397170066833 10
1690265950170 0.8137883543968201 11
1690266398282 0.8143120408058167 12
1690266844700 0.8148699402809143 13
1690267292849 0.8151617050170898 14
