1690174444510 0.3445526957511902 0
1690174524306 0.2696075141429901 1
1690174603934 0.2465347796678543 2
1690174684977 0.2363685965538025 3
1690174766938 0.2288920283317566 4
1690174849656 0.2226855307817459 5
1690174933291 0.2190779447555542 6
1690175016354 0.21658599376678467 7
1690175099346 0.21425801515579224 8
1690175181591 0.2125527560710907 9
1690175263324 0.21123583614826202 10
1690175345082 0.21017412841320038 11
1690175428348 0.20923826098442078 12
1690175510838 0.2086039036512375 13
1690175593955 0.2078964114189148 14
