1690174444510 0.6554470062255859 0
1690174524306 0.7303932905197144 1
1690174603934 0.7534656524658203 2
1690174684977 0.7636312246322632 3
1690174766938 0.7711085081100464 4
1690174849656 0.7773151397705078 5
1690174933291 0.7809216976165771 6
1690175016354 0.7834170460700989 7
1690175099346 0.7857410907745361 8
1690175181591 0.7874467968940735 9
1690175263324 0.7887624502182007 10
1690175345082 0.7898248434066772 11
1690175428348 0.7907629013061523 12
1690175510838 0.7913967370986938 13
1690175593955 0.7921035885810852 14
