1690174444510 0.6789578199386597 0
1690174524306 0.7498108744621277 1
1690174603934 0.7713546752929688 2
1690174684977 0.7811853289604187 3
1690174766938 0.7882881760597229 4
1690174849656 0.7940545082092285 5
1690174933291 0.7975791692733765 6
1690175016354 0.8001043200492859 7
1690175099346 0.8024309277534485 8
1690175181591 0.8041554689407349 9
1690175263324 0.805520236492157 10
1690175345082 0.806622326374054 11
1690175428348 0.8076074123382568 12
1690175510838 0.808316171169281 13
1690175593955 0.8090516924858093 14
