1690301586266 0.2887365520000458 0
1690301722159 0.23175299167633057 1
1690301858532 0.21813246607780457 2
1690301995387 0.2120104283094406 3
1690302131816 0.208601176738739 4
1690302268098 0.20544926822185516 5
1690302404728 0.20220467448234558 6
1690302541301 0.20005963742733002 7
1690302677544 0.19833184778690338 8
1690302814478 0.1970408856868744 9
1690302951113 0.19592775404453278 10
1690303087963 0.1949310451745987 11
1690303224176 0.19381748139858246 12
1690303360270 0.1934453248977661 13
1690303497260 0.19293659925460815 14
