1690301586266 21.17832374572754 0
1690301722159 22.225099563598633 1
1690301858532 22.519752502441406 2
1690301995387 22.662864685058594 3
1690302131816 22.72505760192871 4
1690302268098 22.764745712280273 5
1690302404728 22.76378059387207 6
1690302541301 22.80182456970215 7
1690302677544 22.82970428466797 8
1690302814478 22.85100746154785 9
1690302951113 22.86550521850586 10
1690303087963 22.888980865478516 11
1690303224176 22.903461456298828 12
1690303360270 22.887054443359375 13
1690303497260 22.91233253479004 14
