1690301586266 0.7112643122673035 0
1690301722159 0.7682458758354187 1
1690301858532 0.7818666100502014 2
1690301995387 0.7879893779754639 3
1690302131816 0.7913984656333923 4
1690302268098 0.7945504784584045 5
1690302404728 0.7977948784828186 6
1690302541301 0.7999394536018372 7
1690302677544 0.8016682863235474 8
1690302814478 0.8029575943946838 9
1690302951113 0.8040732741355896 10
1690303087963 0.805069088935852 11
1690303224176 0.8061835169792175 12
1690303360270 0.8065531253814697 13
1690303497260 0.8070623874664307 14
