1690301586266 0.7357710003852844 0
1690301722159 0.7895857691764832 1
1690301858532 0.8022206425666809 2
1690301995387 0.8079772591590881 3
1690302131816 0.8111899495124817 4
1690302268098 0.8141550421714783 5
1690302404728 0.8170994520187378 6
1690302541301 0.8191268444061279 7
1690302677544 0.820787787437439 8
1690302814478 0.8220335841178894 9
1690302951113 0.8230941891670227 10
1690303087963 0.8240366578102112 11
1690303224176 0.8250886797904968 12
1690303360270 0.8254714012145996 13
1690303497260 0.8259958028793335 14
