1690191020064 0.3237600028514862 0
1690191801644 0.3143312931060791 1
1690192586315 0.3127843141555786 2
1690193369195 0.3125227093696594 3
1690194154111 0.31219974160194397 4
1690194937365 0.3107159733772278 5
1690195723451 0.3104771077632904 6
1690196507915 0.31024858355522156 7
1690197285839 0.30975645780563354 8
1690198070070 0.3094782531261444 9
1690198856850 0.3093942403793335 10
1690199643803 0.3096083998680115 11
1690200428989 0.3089275360107422 12
1690201214417 0.3087455928325653 13
1690201998980 0.3086097538471222 14
