1690191020064 0.8156501650810242 0
1690191801644 0.8226259350776672 1
1690192586315 0.8241750001907349 2
1690193369195 0.8250671029090881 3
1690194154111 0.8256533145904541 4
1690194937365 0.8262006640434265 5
1690195723451 0.8265508413314819 6
1690196507915 0.8267032504081726 7
1690197285839 0.8271957039833069 8
1690198070070 0.8274605870246887 9
1690198856850 0.8277043104171753 10
1690199643803 0.8277945518493652 11
1690200428989 0.8279895782470703 12
1690201214417 0.8281664848327637 13
1690201998980 0.8282785415649414 14
