1690191020064 0.8381873965263367 0
1690191801644 0.8446643948554993 1
1690192586315 0.8460594415664673 2
1690193369195 0.8468409776687622 3
1690194154111 0.8474051356315613 4
1690194937365 0.8479136228561401 5
1690195723451 0.8482341170310974 6
1690196507915 0.8483814001083374 7
1690197285839 0.8488069176673889 8
1690198070070 0.8490630984306335 9
1690198856850 0.8492730855941772 10
1690199643803 0.84937983751297 11
1690200428989 0.8495460748672485 12
1690201214417 0.8497133851051331 13
1690201998980 0.849814772605896 14
