1690306123031 0.4359199106693268 0
1690306816540 0.3412618041038513 1
1690307507335 0.3289613127708435 2
1690308197319 0.3258747458457947 3
1690308885407 0.3382599353790283 4
1690309569695 0.3249417841434479 5
1690310250759 0.32388806343078613 6
1690310929403 0.32045885920524597 7
1690311606549 0.32051464915275574 8
1690312283894 0.3175649046897888 9
1690312961165 0.3167344033718109 10
1690313638206 0.316428005695343 11
1690314314660 0.31567785143852234 12
1690314992498 0.3155152499675751 13
1690315692145 0.31470662355422974 14
