1690306123031 19.06870460510254 0
1690306816540 20.04435157775879 1
1690307507335 20.2364559173584 2
1690308197319 20.310983657836914 3
1690308885407 19.97216033935547 4
1690309569695 20.430097579956055 5
1690310250759 20.437305450439453 6
1690310929403 20.460119247436523 7
1690311606549 20.485376358032227 8
1690312283894 20.494369506835938 9
1690312961165 20.50922966003418 10
1690313638206 20.5114688873291 11
1690314314660 20.523372650146484 12
1690314992498 20.523157119750977 13
1690315692145 20.531509399414062 14
