1690306123031 0.7527433037757874 0
1690306816540 0.7995213270187378 1
1690307507335 0.8088365197181702 2
1690308197319 0.8125101327896118 3
1690308885407 0.8015561699867249 4
1690309569695 0.8142943978309631 5
1690310250759 0.8164073824882507 6
1690310929403 0.8177168965339661 7
1690311606549 0.8189417719841003 8
1690312283894 0.8197503089904785 9
1690312961165 0.8202289342880249 10
1690313638206 0.8206671476364136 11
1690314314660 0.8211904168128967 12
1690314992498 0.8214775323867798 13
1690315692145 0.8218315243721008 14
