1690306123031 0.7584494948387146 0
1690306816540 0.8043261170387268 1
1690307507335 0.813112735748291 2
1690308197319 0.8167055249214172 3
1690308885407 0.8043095469474792 4
1690309569695 0.8185292482376099 5
1690310250759 0.8205342292785645 6
1690310929403 0.8218105435371399 7
1690311606549 0.8229296803474426 8
1690312283894 0.8236914873123169 9
1690312961165 0.8241522312164307 10
1690313638206 0.8245491981506348 11
1690314314660 0.8250319361686707 12
1690314992498 0.825286328792572 13
1690315692145 0.825596272945404 14
