1690271111061 -19.748239517211914 0
1690271571448 -21.596403121948242 1
1690272029677 -21.89333724975586 2
1690272487874 -22.211700439453125 3
1690272946393 -22.294937133789062 4
1690273404468 -22.390546798706055 5
1690273862863 -22.38190269470215 6
1690274321011 -22.45655059814453 7
1690274779187 -22.449209213256836 8
1690275237468 -22.550703048706055 9
1690275695673 -22.53850746154785 10
1690276153760 -22.596044540405273 11
1690276612160 -22.663799285888672 12
1690277070340 -22.596834182739258 13
1690277528227 -22.71961784362793 14
