1690271111061 20.15385627746582 0
1690271571448 21.85498809814453 1
1690272029677 22.14618682861328 2
1690272487874 22.437599182128906 3
1690272946393 22.536252975463867 4
1690273404468 22.594619750976562 5
1690273862863 22.5965576171875 6
1690274321011 22.67127799987793 7
1690274779187 22.67266082763672 8
1690275237468 22.753707885742188 9
1690275695673 22.75253677368164 10
1690276153760 22.80689239501953 11
1690276612160 22.85793685913086 12
1690277070340 22.8184757232666 13
1690277528227 22.913843154907227 14
