1690271111061 0.6246069669723511 0
1690271571448 0.7359333038330078 1
1690272029677 0.7494699358940125 2
1690272487874 0.7580181360244751 3
1690272946393 0.7622787356376648 4
1690273404468 0.7651596665382385 5
1690273862863 0.7659075260162354 6
1690274321011 0.7681394815444946 7
1690274779187 0.7694852352142334 8
1690275237468 0.7708930969238281 9
1690275695673 0.7715327143669128 10
1690276153760 0.7723656296730042 11
1690276612160 0.7730197906494141 12
1690277070340 0.7740599513053894 13
1690277528227 0.7757495045661926 14
