1690271111061 0.6591026782989502 0
1690271571448 0.7686117887496948 1
1690272029677 0.7810806035995483 2
1690272487874 0.7888702154159546 3
1690272946393 0.7925835847854614 4
1690273404468 0.7950974702835083 5
1690273862863 0.7957197427749634 6
1690274321011 0.7976478934288025 7
1690274779187 0.7987971901893616 8
1690275237468 0.8000493049621582 9
1690275695673 0.8005989789962769 10
1690276153760 0.8013087511062622 11
1690276612160 0.8019299507141113 12
1690277070340 0.8028839826583862 13
1690277528227 0.8044169545173645 14
