1690267543208 -19.928577423095703 0
1690267652585 -21.28224754333496 1
1690267763250 -21.648157119750977 2
1690267873616 -21.880653381347656 3
1690267984111 -22.02689552307129 4
1690268094290 -22.14013671875 5
1690268204798 -22.26517677307129 6
1690268315163 -22.361509323120117 7
1690268425390 -22.450294494628906 8
1690268536119 -22.504730224609375 9
1690268646421 -22.55600929260254 10
1690268757245 -22.61241340637207 11
1690268867017 -22.65442657470703 12
1690268976256 -22.690780639648438 13
1690269087117 -22.703561782836914 14
