1690267543208 0.535642683506012 0
1690267652585 0.6334395408630371 1
1690267763250 0.6580650806427002 2
1690267873616 0.672852635383606 3
1690267984111 0.683163583278656 4
1690268094290 0.6927360892295837 5
1690268204798 0.7021024823188782 6
1690268315163 0.7089983820915222 7
1690268425390 0.714921772480011 8
1690268536119 0.7192065715789795 9
1690268646421 0.7230279445648193 10
1690268757245 0.7266474366188049 11
1690268867017 0.7293940782546997 12
1690268976256 0.731533408164978 13
1690269087117 0.733120322227478 14
