1690267543208 0.5780385732650757 0
1690267652585 0.6734475493431091 1
1690267763250 0.6968716979026794 2
1690267873616 0.71100252866745 3
1690267984111 0.7208741307258606 4
1690268094290 0.730004608631134 5
1690268204798 0.738825798034668 6
1690268315163 0.7453204393386841 7
1690268425390 0.7508322596549988 8
1690268536119 0.7548659443855286 9
1690268646421 0.7583802342414856 10
1690268757245 0.7616855502128601 11
1690268867017 0.7642276287078857 12
1690268976256 0.7662011981010437 13
1690269087117 0.7676799297332764 14
