1690259439647 0.19773831963539124 0
1690259510907 0.1888432800769806 1
1690259583037 0.18690548837184906 2
1690259654997 0.18579263985157013 3
1690259727469 0.1850440502166748 4
1690259800620 0.18441681563854218 5
1690259873030 0.18393325805664062 6
1690259945489 0.18353646993637085 7
1690260018375 0.18324244022369385 8
1690260090728 0.18295884132385254 9
1690260163047 0.18268342316150665 10
1690260235320 0.1824658364057541 11
1690260308326 0.18227115273475647 12
1690260380924 0.18207989633083344 13
1690260453485 0.18193021416664124 14
