1690259439647 21.497644424438477 0
1690259510907 21.86058807373047 1
1690259583037 21.936614990234375 2
1690259654997 21.988706588745117 3
1690259727469 22.01851463317871 4
1690259800620 22.048425674438477 5
1690259873030 22.067777633666992 6
1690259945489 22.08378791809082 7
1690260018375 22.10385513305664 8
1690260090728 22.117300033569336 9
1690260163047 22.125825881958008 10
1690260235320 22.139604568481445 11
1690260308326 22.152605056762695 12
1690260380924 22.162403106689453 13
1690260453485 22.1697940826416 14
