1690259439647 0.8022617101669312 0
1690259510907 0.8111555576324463 1
1690259583037 0.8130941390991211 2
1690259654997 0.814208447933197 3
1690259727469 0.8149560689926147 4
1690259800620 0.8155823945999146 5
1690259873030 0.8160654902458191 6
1690259945489 0.8164628148078918 7
1690260018375 0.8167567253112793 8
1690260090728 0.8170413374900818 9
1690260163047 0.8173154592514038 10
1690260235320 0.8175342679023743 11
1690260308326 0.8177282214164734 12
1690260380924 0.8179205656051636 13
1690260453485 0.818071722984314 14
