1690259439647 0.8252803087234497 0
1690259510907 0.8332741260528564 1
1690259583037 0.8349345922470093 2
1690259654997 0.8359732031822205 3
1690259727469 0.8367162346839905 4
1690259800620 0.837278425693512 5
1690259873030 0.8376882672309875 6
1690259945489 0.8380241990089417 7
1690260018375 0.8383293747901917 8
1690260090728 0.8385740518569946 9
1690260163047 0.8388216495513916 10
1690260235320 0.8390371799468994 11
1690260308326 0.8392336964607239 12
1690260380924 0.83941650390625 13
1690260453485 0.8395580649375916 14
