1690279114503 0.1710464060306549 0
1690279187009 0.16294866800308228 1
1690279259876 0.16124096512794495 2
1690279333092 0.16028675436973572 3
1690279406597 0.15962055325508118 4
1690279480411 0.15919071435928345 5
1690279553998 0.15884052217006683 6
1690279627489 0.15861007571220398 7
1690279700986 0.15836794674396515 8
1690279774706 0.15816630423069 9
1690279848733 0.15799391269683838 10
1690279922305 0.157843217253685 11
1690279995833 0.15767504274845123 12
1690280069203 0.1575344204902649 13
1690280143169 0.15739019215106964 14
