1690279114503 21.68832778930664 0
1690279187009 22.038162231445312 1
1690279259876 22.116987228393555 2
1690279333092 22.15854835510254 3
1690279406597 22.18874740600586 4
1690279480411 22.20614242553711 5
1690279553998 22.223590850830078 6
1690279627489 22.23506736755371 7
1690279700986 22.246192932128906 8
1690279774706 22.256160736083984 9
1690279848733 22.264867782592773 10
1690279922305 22.273086547851562 11
1690279995833 22.28305435180664 12
1690280069203 22.289133071899414 13
1690280143169 22.298551559448242 14
