1690279114503 0.8030018210411072 0
1690279187009 0.8124170899391174 1
1690279259876 0.8144320845603943 2
1690279333092 0.8155603408813477 3
1690279406597 0.8163447380065918 4
1690279480411 0.8168405294418335 5
1690279553998 0.8172430396080017 6
1690279627489 0.8175033330917358 7
1690279700986 0.8177838921546936 8
1690279774706 0.8180145025253296 9
1690279848733 0.8182099461555481 10
1690279922305 0.8183841109275818 11
1690279995833 0.8185815811157227 12
1690280069203 0.8187458515167236 13
1690280143169 0.8189104199409485 14
