1690279114503 0.8278109431266785 0
1690279187009 0.8356643915176392 1
1690279259876 0.8373308777809143 2
1690279333092 0.838267982006073 3
1690279406597 0.8389262557029724 4
1690279480411 0.8393532633781433 5
1690279553998 0.8397026658058167 6
1690279627489 0.8399332761764526 7
1690279700986 0.8401753306388855 8
1690279774706 0.8403768539428711 9
1690279848733 0.8405499458312988 10
1690279922305 0.8407011032104492 11
1690279995833 0.8408693671226501 12
1690280069203 0.8410151600837708 13
1690280143169 0.8411579132080078 14
