1690269200697 -23.12887954711914 0
1690269295012 -23.440567016601562 1
1690269389162 -23.520660400390625 2
1690269482649 -23.578052520751953 3
1690269577333 -23.617664337158203 4
1690269671179 -23.648174285888672 5
1690269764996 -23.66715431213379 6
1690269859651 -23.683637619018555 7
1690269953842 -23.695859909057617 8
1690270047465 -23.70744514465332 9
1690270142371 -23.715307235717773 10
1690270236450 -23.720373153686523 11
1690270330073 -23.72875213623047 12
1690270424541 -23.733121871948242 13
1690270518036 -23.737720489501953 14
