1690269200697 0.7758442759513855 0
1690269295012 0.788295567035675 1
1690269389162 0.7915329933166504 2
1690269482649 0.7938470244407654 3
1690269577333 0.7953771352767944 4
1690269671179 0.7965371608734131 5
1690269764996 0.7972602248191833 6
1690269859651 0.7978674173355103 7
1690269953842 0.7983362674713135 8
1690270047465 0.798731803894043 9
1690270142371 0.7990094423294067 10
1690270236450 0.7992019653320312 11
1690270330073 0.7995160818099976 12
1690270424541 0.7996585965156555 13
1690270518036 0.7998444437980652 14
