1690269200697 0.8023725152015686 0
1690269295012 0.814162015914917 1
1690269389162 0.8169784545898438 2
1690269482649 0.8188841938972473 3
1690269577333 0.8201696872711182 4
1690269671179 0.8211402297019958 5
1690269764996 0.8217597603797913 6
1690269859651 0.8222804665565491 7
1690269953842 0.8226928114891052 8
1690270047465 0.8230359554290771 9
1690270142371 0.8232705593109131 10
1690270236450 0.8234385251998901 11
1690270330073 0.8237060904502869 12
1690270424541 0.823832094669342 13
1690270518036 0.8239881992340088 14
