1690298274930 0.4400283694267273 0
1690298500073 0.2941538393497467 1
1690298725741 0.2905201315879822 2
1690298950418 0.2849304974079132 3
1690299175677 0.28200557827949524 4
1690299400264 0.2774191200733185 5
1690299625167 0.28044393658638 6
1690299850605 0.2758435010910034 7
1690300074896 0.27877646684646606 8
1690300299298 0.27779772877693176 9
1690300524750 0.27619704604148865 10
1690300749637 0.2737835645675659 11
1690300974453 0.27508288621902466 12
1690301200530 0.28545498847961426 13
1690301426335 0.277500718832016 14
