1690298274930 24.045757293701172 0
1690298500073 25.417329788208008 1
1690298725741 25.69746971130371 2
1690298950418 25.90422821044922 3
1690299175677 25.963254928588867 4
1690299400264 25.973583221435547 5
1690299625167 26.02334976196289 6
1690299850605 26.125255584716797 7
1690300074896 26.116865158081055 8
1690300299298 26.223285675048828 9
1690300524750 26.16799545288086 10
1690300749637 26.1698055267334 11
1690300974453 26.17070770263672 12
1690301200530 25.918262481689453 13
1690301426335 26.334665298461914 14
