1690298274930 0.796514630317688 0
1690298500073 0.8269196152687073 1
1690298725741 0.8325871229171753 2
1690298950418 0.8362925052642822 3
1690299175677 0.8382378220558167 4
1690299400264 0.8399410843849182 5
1690299625167 0.8396546840667725 6
1690299850605 0.8418750166893005 7
1690300074896 0.8416460156440735 8
1690300299298 0.8429278135299683 9
1690300524750 0.8437766432762146 10
1690300749637 0.8445334434509277 11
1690300974453 0.8446542024612427 12
1690301200530 0.8397853970527649 13
1690301426335 0.843471109867096 14
