1690298274930 0.8290319442749023 0
1690298500073 0.8557949066162109 1
1690298725741 0.860405445098877 2
1690298950418 0.8635695576667786 3
1690299175677 0.8651829957962036 4
1690299400264 0.8666360378265381 5
1690299625167 0.8663780689239502 6
1690299850605 0.8682822585105896 7
1690300074896 0.8680567741394043 8
1690300299298 0.8691961765289307 9
1690300524750 0.8699741363525391 10
1690300749637 0.8706283569335938 11
1690300974453 0.8707553148269653 12
1690301200530 0.8665915131568909 13
1690301426335 0.8697828650474548 14
