1690178856834 0.45048362016677856 0
1690179374294 0.3584415912628174 1
1690179900645 0.3439125716686249 2
1690180419450 0.3373996913433075 3
1690180942199 0.3354370594024658 4
1690181465307 0.3323805332183838 5
1690181981709 0.33158043026924133 6
1690182506803 0.327010840177536 7
1690183025744 0.3260912597179413 8
1690183548859 0.3253774642944336 9
1690184073062 0.3248329162597656 10
1690184590877 0.3242601454257965 11
1690185116810 0.32374587655067444 12
1690185641962 0.3233143389225006 13
1690186161393 0.3229724168777466 14
