1690178856834 0.7496891617774963 0
1690179374294 0.7818765044212341 1
1690179900645 0.7950920462608337 2
1690180419450 0.8006286025047302 3
1690180942199 0.8024528622627258 4
1690181465307 0.8043578267097473 5
1690181981709 0.8057407736778259 6
1690182506803 0.8097643852233887 7
1690183025744 0.8107087016105652 8
1690183548859 0.811413586139679 9
1690184073062 0.8119760751724243 10
1690184590877 0.8125522136688232 11
1690185116810 0.8130674958229065 12
1690185641962 0.8135077357292175 13
1690186161393 0.8138449788093567 14
