1690178856834 0.7405113577842712 0
1690179374294 0.7719924449920654 1
1690179900645 0.7835996747016907 2
1690180419450 0.7888321280479431 3
1690180942199 0.7903923392295837 4
1690181465307 0.7923443913459778 5
1690181981709 0.7938399910926819 6
1690182506803 0.8115347027778625 7
1690183025744 0.8137183785438538 8
1690183548859 0.8146432638168335 9
1690184073062 0.8152929544448853 10
1690184590877 0.8158771991729736 11
1690185116810 0.8164532780647278 12
1690185641962 0.8169063329696655 13
1690186161393 0.8172588348388672 14
