1690286912304 0.20911379158496857 0
1690286957019 0.1651187539100647 1
1690287001724 0.1588478982448578 2
1690287046265 0.15551552176475525 3
1690287090571 0.15346498787403107 4
1690287135555 0.15174539387226105 5
1690287180040 0.1504882276058197 6
1690287224089 0.14946134388446808 7
1690287267951 0.1485651731491089 8
1690287312182 0.14781944453716278 9
1690287356051 0.14709511399269104 10
1690287400188 0.14664509892463684 11
1690287443981 0.14622098207473755 12
1690287488675 0.14570747315883636 13
1690287533236 0.14523474872112274 14
