1690286912304 24.065399169921875 0
1690286957019 25.564634323120117 1
1690287001724 25.8817081451416 2
1690287046265 26.083477020263672 3
1690287090571 26.203311920166016 4
1690287135555 26.294715881347656 5
1690287180040 26.416614532470703 6
1690287224089 26.467790603637695 7
1690287267951 26.545177459716797 8
1690287312182 26.598703384399414 9
1690287356051 26.644052505493164 10
1690287400188 26.640644073486328 11
1690287443981 26.68347930908203 12
1690287488675 26.700769424438477 13
1690287533236 26.724069595336914 14
