1690286912304 0.7908865809440613 0
1690286957019 0.834881067276001 1
1690287001724 0.8411523699760437 2
1690287046265 0.8444843888282776 3
1690287090571 0.846535325050354 4
1690287135555 0.8482548594474792 5
1690287180040 0.8495117425918579 6
1690287224089 0.8505399823188782 7
1690287267951 0.851434588432312 8
1690287312182 0.852180540561676 9
1690287356051 0.852904736995697 10
1690287400188 0.8533547520637512 11
1690287443981 0.853778064250946 12
1690287488675 0.8542929887771606 13
1690287533236 0.8547647595405579 14
