1690286912304 0.8161197900772095 0
1690286957019 0.8590099811553955 1
1690287001724 0.8648328185081482 2
1690287046265 0.8679159283638 3
1690287090571 0.8697845339775085 4
1690287135555 0.8713574409484863 5
1690287180040 0.8725183010101318 6
1690287224089 0.8734585642814636 7
1690287267951 0.8743104934692383 8
1690287312182 0.8749874830245972 9
1690287356051 0.8756481409072876 10
1690287400188 0.8760499954223633 11
1690287443981 0.876440167427063 12
1690287488675 0.8768875002861023 13
1690287533236 0.8773123621940613 14
