1690297514592 0.15300770103931427 0
1690297551613 0.14248526096343994 1
1690297588418 0.140150249004364 2
1690297625284 0.13872049748897552 3
1690297661964 0.13781431317329407 4
1690297698870 0.13710451126098633 5
1690297735578 0.13661989569664001 6
1690297772360 0.13620802760124207 7
1690297809257 0.1358678787946701 8
1690297846233 0.13554687798023224 9
1690297883213 0.1352938860654831 10
1690297920336 0.13502450287342072 11
1690297957278 0.13480323553085327 12
1690297994176 0.13465841114521027 13
1690298031020 0.13447463512420654 14
