1690297514592 25.64566421508789 0
1690297551613 26.097183227539062 1
1690297588418 26.1993350982666 2
1690297625284 26.26117706298828 3
1690297661964 26.293142318725586 4
1690297698870 26.32579803466797 5
1690297735578 26.34180450439453 6
1690297772360 26.3673095703125 7
1690297809257 26.376651763916016 8
1690297846233 26.388267517089844 9
1690297883213 26.400226593017578 10
1690297920336 26.408550262451172 11
1690297957278 26.426115036010742 12
1690297994176 26.416889190673828 13
1690298031020 26.43299674987793 14
