1690297514592 0.8161470890045166 0
1690297551613 0.8283290863037109 1
1690297588418 0.8311426639556885 2
1690297625284 0.8328877091407776 3
1690297661964 0.8339800238609314 4
1690297698870 0.8348318934440613 5
1690297735578 0.8353953957557678 6
1690297772360 0.8358772397041321 7
1690297809257 0.8362703323364258 8
1690297846233 0.8366604447364807 9
1690297883213 0.836958646774292 10
1690297920336 0.8372783064842224 11
1690297957278 0.837533175945282 12
1690297994176 0.8377169370651245 13
1690298031020 0.8379351496696472 14
