1690297514592 0.8471489548683167 0
1690297551613 0.8571971654891968 1
1690297588418 0.85947185754776 2
1690297625284 0.8608627915382385 3
1690297661964 0.8617522716522217 4
1690297698870 0.862447202205658 5
1690297735578 0.8629274964332581 6
1690297772360 0.8633360266685486 7
1690297809257 0.8636727929115295 8
1690297846233 0.8639913201332092 9
1690297883213 0.8642409443855286 10
1690297920336 0.8645113110542297 11
1690297957278 0.8647310733795166 12
1690297994176 0.8648735880851746 13
1690298031020 0.8650591969490051 14
