1690331186322 0.2536431849002838 0
1690331323083 0.20148228108882904 1
1690331460417 0.18839143216609955 2
1690331597351 0.18253228068351746 3
1690331734381 0.17887361347675323 4
1690331871025 0.17511634528636932 5
1690332008173 0.17276205122470856 6
1690332145491 0.1709837019443512 7
1690332282569 0.1697300672531128 8
1690332419255 0.16862289607524872 9
1690332556152 0.1677333265542984 10
1690332693002 0.167032390832901 11
1690332829673 0.16638131439685822 12
1690332966373 0.16591280698776245 13
1690333102895 0.165339395403862 14
