1690331186322 21.47784423828125 0
1690331323083 22.564977645874023 1
1690331460417 22.859413146972656 2
1690331597351 22.99944496154785 3
1690331734381 23.051624298095703 4
1690331871025 23.08982276916504 5
1690332008173 23.117584228515625 6
1690332145491 23.157472610473633 7
1690332282569 23.171232223510742 8
1690332419255 23.184871673583984 9
1690332556152 23.209962844848633 10
1690332693002 23.21868324279785 11
1690332829673 23.23336410522461 12
1690332966373 23.238632202148438 13
1690333102895 23.26093101501465 14
