1690331186322 0.7100604176521301 0
1690331323083 0.767367422580719 1
1690331460417 0.7819081544876099 2
1690331597351 0.7884317636489868 3
1690331734381 0.7924647927284241 4
1690331871025 0.7967090606689453 5
1690332008173 0.7993627190589905 6
1690332145491 0.8013507723808289 7
1690332282569 0.8027231693267822 8
1690332419255 0.8039366006851196 9
1690332556152 0.8048969507217407 10
1690332693002 0.8056634664535522 11
1690332829673 0.8063871264457703 12
1690332966373 0.8069074749946594 13
1690333102895 0.8075388669967651 14
