1690331186322 0.7435258626937866 0
1690331323083 0.7969003915786743 1
1690331460417 0.8101983070373535 2
1690331597351 0.8161172866821289 3
1690331734381 0.8198578953742981 4
1690331871025 0.8236822485923767 5
1690332008173 0.8260623216629028 6
1690332145491 0.8278496265411377 7
1690332282569 0.8291153907775879 8
1690332419255 0.8302245140075684 9
1690332556152 0.8311192393302917 10
1690332693002 0.8318248391151428 11
1690332829673 0.8324794173240662 12
1690332966373 0.8329513669013977 13
1690333102895 0.8335251808166504 14
