1690203781521 0.1881692260503769 0
1690203879293 0.181956946849823 1
1690203979007 0.18060292303562164 2
1690204080071 0.17989440262317657 3
1690204180896 0.17943783104419708 4
1690204281688 0.1791178584098816 5
1690204381926 0.1788283735513687 6
1690204482910 0.17869016528129578 7
1690204583718 0.17848478257656097 8
1690204684158 0.17835859954357147 9
1690204784710 0.1782403588294983 10
1690204885491 0.17812423408031464 11
1690204986592 0.17806176841259003 12
1690205087036 0.17798113822937012 13
1690205187118 0.17792154848575592 14
