1690203781521 0.8118300437927246 0
1690203879293 0.8180444836616516 1
1690203979007 0.8193963766098022 2
1690204080071 0.8201061487197876 3
1690204180896 0.820561945438385 4
1690204281688 0.82088303565979 5
1690204381926 0.8211710453033447 6
1690204482910 0.8213111758232117 7
1690204583718 0.8215139508247375 8
1690204684158 0.8216413259506226 9
1690204784710 0.8217593431472778 10
1690204885491 0.8218762874603271 11
1690204986592 0.8219373822212219 12
1690205087036 0.8220189213752747 13
1690205187118 0.8220773935317993 14
