1690203781521 0.8359556794166565 0
1690203879293 0.8415297269821167 1
1690203979007 0.8427191376686096 2
1690204080071 0.8433412909507751 3
1690204180896 0.8437333703041077 4
1690204281688 0.8440072536468506 5
1690204381926 0.8442458510398865 6
1690204482910 0.8443673849105835 7
1690204583718 0.8445417284965515 8
1690204684158 0.8446459770202637 9
1690204784710 0.8447520732879639 10
1690204885491 0.8448495268821716 11
1690204986592 0.8449083566665649 12
1690205087036 0.8449756503105164 13
1690205187118 0.8450338244438171 14
